                        1       -0.023776035249421      -0.0311926234354608      -0.0184934099453092       0.0731665691097158       0.0203910642781785      -0.0133684613630444      -0.0255519342930316       0.0160910402122047      0.00955267030280517      -0.0111606577723379       0.0245997625440173      -0.0788167653344441       0.0513571009772126       0.0357668052326754       0.0222661002062883    -0.000895648584576929      -0.0424014759908742     -0.00492260717054223      -0.0419886784542816      -0.0404684552421661      -0.0598678231988373      0.00312434168460185       0.0390432947420892     -0.00544380437230403       -0.048299636713633      -0.0336725377448272       0.0492609050671935      -0.0151486708308273       -0.025253877862603      -0.0493381538625214      0.00393057256332166      -0.0125256308302448      -0.0187244138558048       0.0481758729611363         0.01942043767608      -0.0128146164103401      0.00274833220501789       0.0136924394732886     -0.00941656366454882       -0.001372313223586       0.0158416703141944      -0.0330109858502575      -0.0178270630940458       0.0315726263312159       0.0212720310209242      -0.0131250776758487       0.0457838354812649     -0.00981678392359242      -0.0129127553783808      -0.0330386772584073     -0.00293639067392042      -0.0157210953424527      -0.0450610305299844       0.0470792819504829      -0.0323595260478592      -0.0369078656640273      -0.0174675340592536       0.0548117734432096       0.0010828955583733       0.0386290083909646      -0.0465465791237571       0.0440481331364784       0.0302032263050988      0.00596589142683333      -0.0126975176962727       -0.049044891824884        -0.04434788206179      0.00608289435684084       0.0193507124181899      -0.0632810626633295       0.0581220178385035      -0.0544830695067141     0.000185492967394274      0.00321299011853088       0.0197901576323342       0.0260014439743947      0.00164546152930559       0.0207109553433145     -0.00227950201781657       0.0597610292550515      -0.0221603997509978       0.0160129575038729       0.0060210823516534       0.0221408384185073      -0.0327934829454355     -0.00797792032250273      -0.0263630641968567       0.0112004390446595        0.020639646635943       0.0227172761034531       0.0269812389490185       0.0349121689113243      -0.0223661972738141       -0.028820995082193     -0.00838098860049938       0.0873436559805233      0.00793571063868137       0.0130180994522193      0.00890063084365179      -0.0749971950258882       0.0302827206801706      0.00656970231672783      -0.0724217786867117     0.000517917405052136      -0.0563827551784605      0.00888140781525052       0.0274117083328185      -0.0537809328769749
       -0.023776035249421                        1     -0.00013514248278467       0.0322873547674514      0.00723929879334598       0.0290223999492382      -0.0490709749632973       -0.052452520499553      -0.0235846012391153      0.00295639858846921     -0.00753537604420829       0.0587461688999796        0.027194421539485       0.0111116059750385      0.00207722561488089      -0.0354368365832081       0.0173746391863325     0.000320349262793794       0.0260135689641872       0.0362896615616463       -0.044208713555825      0.00966481567455644      -0.0751917413326626       0.0508129850818531      -0.0361563223697264      -0.0330884464625862       0.0399722845597572      0.00642118890050677      -0.0199401778657048      -0.0314886378014725       0.0217511895365721       0.0293389145048592     -0.00849825430894225      -0.0559561353894868      -0.0306984731577707    -0.000182286760263649      -0.0218435139489459     0.000919299517081525      -0.0173665321292287       0.0459689934935198      -0.0398401032452244       0.0923708098844943       0.0750291276932225       0.0416718828364729     -0.00585775678703305      -0.0161911202015182      -0.0226337453107255       0.0304766701838791      0.00865648783361061       0.0153992157019998       0.0285531739867806      -0.0212594176319425      -0.0335734250423435      -0.0568940745677312      -0.0269281133201754       0.0152679123195462     -0.00777600258366403       0.0219962385289938     -0.00890361880773985       0.0190587391906444      -0.0158933729571698      0.00836081935816032      -0.0145613614020849      -0.0126092737529175      -0.0018927870732923      -0.0214040693849044      -0.0230772169017688      -0.0121284831813279      0.00489656019662525       0.0204804890643826       0.0397265972546323        0.030840402424627       0.0330405994389152      -0.0120721258227767      -0.0410159389132238       0.0165956090737359      -0.0937422057916266     -0.00780891769517359       0.0324636673718105     -0.00154353553172232       0.0247363426303617      -0.0100143491353104     -0.00196341774181923      -0.0416006265750777         0.04060760904429      -0.0397086037977266      0.00199908093941057       0.0378730605367508     -0.00851960920930695        0.010412894080577      -0.0208456646627002        0.025453532058468      -0.0239863826903217       0.0570019219610352      -0.0443626408167499      -0.0210128305179957      -0.0388501103447128      -0.0304145444276627         0.04842400169879      -0.0167647154142781      -0.0276619918614489        0.014559520750723     -0.00708162361376324    -0.000582652119065774      -0.0438645200467956      0.00889946803729976      0.00182067572847288       0.0304737971023164       -0.013835751854473
      -0.0311926234354608     -0.00013514248278467                        1       0.0248459934246153      -0.0200894974024496      0.00996531233760584      -0.0179432791523563       0.0143263153044509      -0.0228674168625447      -0.0239452842697427      0.00555174960641228       0.0199922946678382       0.0316275124317976      -0.0164413353689947      0.00809893426604034      -0.0497751691579702      -0.0491050196936825       0.0280925798282179      -0.0329418249051628       0.0198123168327826      -0.0468175560048169      -0.0207523779585361       0.0232909643747377       0.0122095770279903       -0.033784935106231     0.000870262799687741      -0.0055755746508996      -0.0104458260204273     -0.00647099570040559     -0.00925390437818587      0.00412902907040546     -0.00476490430751511      0.00392931784077751       0.0191324920830812      -0.0407530383170827       0.0235026304911424        -0.01755156020572       0.0128713453854647       0.0604311551132881     -0.00394545081588826      -0.0311480910109305      -0.0526554831015782       0.0507096064024309       0.0135229038541257      -0.0161575463493884      -0.0926414499687779       0.0202322743948004      -0.0465235357431656      -0.0414485922272128      -0.0306287893537555      0.00617452498643457      -0.0335589455108748       0.0401946940566979       0.0636377594169002     -0.00476360270066762       0.0497502857817109      -0.0371772324383931       0.0151511323353811     -0.00587265114769866      -0.0321816322573022       0.0261559929950189       0.0364846583559013      -0.0147178341221023     -0.00763664687709804      -0.0260492792118873      -0.0460691204999779       0.0478771922135244       0.0318380874783248        0.047205289585315       0.0184131532691449      -0.0112549298018452     -0.00413476383345989      0.00192468347549098      0.00423903575006021     -0.00195489699964023      0.00339148975425624      -0.0135711334727291        0.011322998382633      -0.0212950118410406       -0.022885005935796      -0.0265535175561269        0.021512251136074       0.0521005522274808     -0.00315902904406811       0.0393068825037064       0.0115276788986371      -0.0197494071745368        0.021353923882398       0.0163240900977513       -0.037617593725996       0.0511066944076805      -0.0303780604606976      -0.0337333362533489      -0.0665202769377957      -0.0390478426771287      0.00934566776845723      -0.0198980647452069      -0.0267170142215303       0.0181820388941757       -0.065268639266714       0.0349094938439772      -0.0271881864576642        0.074874588783661      -0.0405467444491205      -0.0140565634426899       0.0367948350840194      0.00821276977163942     -0.00853515099638446       0.0580666963467321
      -0.0184934099453092       0.0322873547674514       0.0248459934246153                        1       0.0137813002963061      -0.0350522040555342       0.0114327826262591       0.0297628867787475      -0.0167869604240133        0.014939095920157       0.0125935159045987       0.0462673801535151       0.0291822106839042      -0.0288942832797403      -0.0472405348297485      0.00647762303203275       0.0266254407337737       0.0160760587480252      -0.0325414590823718       0.0504453638384519      -0.0114880636168706     -0.00167007378093297      -0.0307274363512676     -0.00627526938588666      -0.0297555703231889      0.00577058284725591       0.0445709092839175       0.0118354870975819      -0.0239642913161348        0.020039384734402      -0.0192746674636481       0.0363395449634846       0.0329399333257453      -0.0336130523137445      -0.0443948129664205       0.0380774076472172       0.0244453300379049      -0.0123481928986547       0.0221203690801084     -0.00905141431972966       0.0046034771929696     -0.00878352977463035      -0.0069229793175255      -0.0197462000053843      -0.0175466475721977      -0.0337587005609417       0.0109362368557042       -0.015537061824839       -0.040499383856106     -0.00664916199446907       0.0210842515772534      -0.0248410566016269       0.0214783761812103      0.00201162109558194       0.0326687268580588      -0.0617812224779068      -0.0331103024152688       0.0830940127703259      -0.0278933611898661       0.0244065354561259       0.0188644964668104       -0.031289425700708      -0.0126422718787239     -0.00405794569625227       0.0108781491781412    -0.000432969153363352      -0.0736911072975701     -0.00165291969630655      -0.0269325219890999      -0.0285936644743519       0.0337153713718197       0.0480320566221204        0.009579513499977       0.0208395826083173       0.0158165632676853       0.0237319934648444     -0.00921536970579121      -0.0177085368574238       0.0415570627239219      -0.0342034711200016       0.0299036584837066      0.00338811591802902       -0.017547554536028          0.0489878851626      -0.0085949496652826      0.00733411764592266      -0.0459624868056268      -0.0139569427513267      -0.0187510411686308      -0.0284477478224627     -0.00269422066090591       0.0268448825476678     -0.00233997447780308      -0.0478573680228157      -0.0387799096579631       0.0339097579872272     -0.00767932214809887     -0.00289775264924499     -0.00377126483573393       0.0206931570706125      -0.0256604384755281      -0.0220922649197319       0.0269951470678771       0.0351968576097926       0.0186111661404219      -0.0122859057143527      -0.0291184113622254       0.0321264081386918      -0.0269562100018396
       0.0731665691097158      0.00723929879334598      -0.0200894974024496       0.0137813002963061                        1      -0.0383241075910276       0.0175565541943185     -0.00571466264631702      -0.0169276986439252       -0.034348929684969       0.0283981929849094       0.0170562373742208      -0.0369054402502879       0.0394375850646023      -0.0176788407862559      0.00482007417939531       0.0226064364279171        0.017523123616487     -0.00493751862500721      0.00596995675354748      -0.0124018990507432       0.0248654777995259      -0.0140042720082085     -0.00184448392002321      -0.0150849583138081      -0.0400976262635609        0.026817985477431       0.0253938208216102      0.00337002134726849      0.00470950858313391      0.00104839541448931       0.0163265059840562       -0.042953234424469      -0.0273731790604387       0.0310089940393528      -0.0411378888980174      0.00919364356855768      0.00399647816533374       0.0490448835609473       0.0864905754051886      -0.0158990601123868       0.0242312406162178       0.0426458436895354      -0.0162076277122407      -0.0625014741798548     -0.00943421212293374       0.0131307222708825       0.0244324268599211       0.0121337331823235      -0.0360143187138411       0.0177438466959699      -0.0174727463983437       0.0047540654221576      -0.0499243633752891     -0.00211015026503458     -0.00981344584697657      -0.0102197830896244       0.0108087744766721       0.0149673291767753      0.00422299778219387       0.0272695911725369      -0.0203733295998108      -0.0125024402596144        0.031786003134783      0.00704475144028356      0.00681634140015096     -0.00078817417664339       0.0342714107278212       0.0126473743555499      0.00846466498621224     -0.00130520045351054       0.0064588280981718     -0.00323428926335298      -0.0503017589941703      -0.0832960432041761      -0.0445433392582835      0.00346206560167662      -0.0193398433802658     0.000908563150505382       0.0275781935004572      0.00745236940554829       0.0203075141630999      -0.0501887277874672      -0.0237505276377644      -0.0392310148960313     -0.00281804673099741      -0.0383113830788041      -0.0465588547806531       0.0413686542051209       0.0435181999761333      -0.0439599313814458      -0.0636337123359845       0.0643685851451417      -0.0215539572481667        0.041088497400172       0.0134176426972075       0.0252852625168884      -0.0403725166159214       -0.045545916094713       0.0219063717884438       0.0279743790768584       0.0366365185410985        0.024349803019767      -0.0125059229606254      -0.0676931106210747       0.0173853852285842     -0.00674253925663863      0.00617559866358258       0.0111779659781485
       0.0203910642781785       0.0290223999492382      0.00996531233760584      -0.0350522040555342      -0.0383241075910276                        1       0.0236629136236176      -0.0239472945479096       0.0229407180317177      -0.0095198388170904     -0.00935322981468481      0.00463709600247887     -0.00650709954652766      -0.0184654575494485     -0.00649842237850689      -0.0281640709707511      -0.0325951035886893       0.0117989179357335      -0.0108082005527422       0.0415884218309978       0.0352717400202055      -0.0224165784832022        0.048332115880635      0.00493719367513834      0.00692713450373007       0.0622224739561036      -0.0139838721493742       0.0312813312583042       0.0358110966399015        0.015896425326771       -0.020256789697224       0.0206273934539798      -0.0484806241361037      -0.0308654719792982       0.0200090909280815      0.00301266354319897        0.028676955033871      -0.0365526797964458      -0.0650213861009734      -0.0112631215007308        0.070671683913545      0.00691794509384404       0.0380235517580273      -0.0387133673822366        0.031014503423659      -0.0842981164014757      0.00674640996837601      -0.0324576495433009       0.0171340893814154      -0.0205839460323375       0.0358230310882955       0.0178209289105339      -0.0698013701440614      -0.0483238177548912      -0.0150667052359392      -0.0172677885854998       -0.017824951293478     -0.00327265859037286       0.0249334838752594       0.0444489776347502     -0.00209086764668362      -0.0297638663148134      -0.0275500196413369      -0.0205579781235286       0.0166684135401909      0.00139523084171161      -0.0452238366214831       0.0419839745589954     -0.00137295505452694      -0.0143651971052671     -0.00277373652180557     -0.00215552955162145     -0.00464761865538667       0.0390048243143813       0.0258772888516485       0.0123840245828101       0.0122045693533895       0.0162659849566676      0.00357529846778568      0.00140309463769021     -0.00101423786956256     -0.00154747541768276      -0.0133055578624627      -0.0184148781208073       0.0125893840367179      -0.0104286237495408       0.0170894699413866      -0.0355955239284007      -0.0267041149077017      0.00189483012624601     -0.00901226195749633        0.030461411796448      0.00142258310689025      -0.0223022509908464       0.0478496019052255       0.0481412300839608       0.0387960522369527        0.031965839949162      -0.0446696217932515        0.010501967899009     0.000612876521165306      -0.0323276532577001      -0.0555939689416015      -0.0168541328043322     -0.00824073098662414       0.0020838413277051      -0.0163337329496817      -0.0209323608930249        0.011955273704234
      -0.0133684613630444      -0.0490709749632973      -0.0179432791523563       0.0114327826262591       0.0175565541943185       0.0236629136236176                        1      -0.0417613118550718      0.00806900090396905       -0.043573312697319       0.0180556160240089      -0.0338786992478495      -0.0186754943846273     -0.00815646500778155       0.0316422778077832       0.0182170660746524      -0.0177165446007623       -0.062108437286422      0.00421559888982014      -0.0200718360766023       0.0130480174363177      -0.0187484117360706      -0.0109912902603899      0.00587612035196986      -0.0372125185960832      -0.0287847441647249       0.0595045169680181     -0.00139971604378232     0.000214649088284783       0.0210796028403364      -0.0399606003111306       0.0283308930136289       0.0189944761848772       0.0200651322761993      -0.0650038485465767      0.00965772830106158      -0.0145733643793634       0.0248608520136472      -0.0121120041574695       0.0458732141592249      0.00829250631874918       -0.054450549317113      -0.0515117183820001       0.0159476619676413      -0.0583713390549645       0.0342478797670152      0.00271949887899419      -0.0413777844637828       0.0261647001707625       0.0359213170855127     -0.00092552595094186      -0.0654773587431105      -0.0485906075101622      -0.0169531985631263      0.00593609270870445       0.0122383634629158       0.0399458088870017        0.032580441425974      -0.0171515220563761      -0.0276439462873499       0.0158235303079002     -0.00911090772552661      -0.0265940914889442    -0.000868015307960665      0.00597534072384893       0.0362136196274992      -0.0631541442205758      -0.0109045940173718      -0.0255625282770229      0.00300376720799374       0.0222195740441195       0.0398648551880825     -0.00524324312133889     -0.00379519200933562       0.0108829694520251      -0.0323685955346989       0.0349379034128044       0.0593164855013414      -0.0565988344358411       0.0328192354186718      0.00150784117628603     -0.00906863287625537       0.0235270346914471       0.0105624901643603      -0.0226571655081068       0.0204243289786031      -0.0303863289535008      -0.0160958256981213      -0.0107309676661752     -0.00225991818389709      -0.0281555350548067      -0.0269815485914227       0.0294757040818408       0.0509306446646789       0.0147981947632046     8.46509265817253e-05       0.0548051548725138      -0.0227993005644791     0.000960592478144956       0.0120676326343611         0.03224191172639      -0.0123319287263883      -0.0136029573581134       0.0333787986667265     -0.00962449343093525     -0.00120828826627852    -0.000596628595066453        0.022896860080576      -0.0152229287291968
      -0.0255519342930316       -0.052452520499553       0.0143263153044509       0.0297628867787475     -0.00571466264631702      -0.0239472945479096      -0.0417613118550718                        1       0.0154822866093633        0.022642804420328      -0.0509085313796362       0.0315257584197818       0.0246172088187871       0.0105375336887674      -0.0170213375400842      0.00206229513471049      -0.0433536072807977      -0.0322697060021211      -0.0250631273449724       0.0116780111691407      -0.0600448328176121     0.000366281026228223      -0.0181443567103412     -0.00583009189150474       0.0254612990578022       0.0337942928601961      -0.0477060903348881       0.0104520220614639       0.0301149462828954       0.0039088924557648       0.0957121293643175      -0.0118019176147082       0.0196679754949167       0.0551558390953401      -0.0319228193384346     -0.00227990544898308       0.0323553394166322        0.045615259139483       0.0206825646834757      0.00899177207612104       0.0309270649659622       0.0469034086042694      -0.0087994449698288       -0.016343249054734       0.0174634472002486    -9.08730875077377e-05        -0.02646813024709      -0.0385064104821412      -0.0227776061753457      -0.0197401800112346      0.00631487832651489      -0.0267483145596598     -0.00437857189057962        0.035157131905885        0.045926397407359     -0.00855609730258058      0.00181175143383151       0.0144874614945444    -0.000257898764227372      -0.0338754937391602      -0.0627461504558692       0.0141768627177592      -0.0139434310409911    -0.000419703511548234       0.0066891782808475      -0.0851597550923354       0.0996433357897047      0.00250965880142222      -0.0364080278709149       0.0120929352924363     -0.00634228194122832      -0.0317231455407298       0.0079922832978221     -0.00487178093154415      -0.0791156426983288       0.0536455611940238      -0.0317285430659041      -0.0107952023013146      -0.0159490080691262      -0.0148029898242715      0.00995232447854387      -0.0143658334640098       0.0100718317200302     -0.00281117692813377     -0.00825658701292674       0.0262292243454257     -0.00795203068811414      -0.0584709466115389    -0.000380289790750585     -0.00149293371226411      -0.0172067225348806      -0.0443747516403413       0.0182690068901523       0.0029278866757906       0.0158453979977213       0.0206065841513881     -0.00733008465758782       0.0185670146790064      -0.0487133637679927       0.0155124945549614     -0.00190460742181511      -0.0275790244523141      0.00700988983132183       0.0281494681896346       0.0271927326083241      -0.0272024642843962      0.00345076814597195        0.037023250040086     -0.00766962906566493
       0.0160910402122047      -0.0235846012391153      -0.0228674168625447      -0.0167869604240133      -0.0169276986439252       0.0229407180317177      0.00806900090396905       0.0154822866093633                        1      -0.0139104400163556       0.0148925981790451      -0.0178343215497257      -0.0382477198092828      -0.0258346201398712      -0.0548859412964927      -0.0020145783975753      -0.0285524456675144       0.0309210251609506      -0.0218718891092845       0.0389044743655036     -0.00937650746308468     -0.00144437484539698      -0.0152153418521323     -0.00127906312123493      -0.0325659028417509      -0.0111472375616944      -0.0514048734979586     0.000701599255633606      0.00158557785482254      -0.0425968268959268      -0.0156150329386408      -0.0198658097986318       0.0688152174834978      -0.0215543561509831       0.0194216120831104      0.00327024284861878      -0.0340924995477452       0.0312418170985338     -0.00101972156729418      -0.0138905386867245      0.00180849079972878      -0.0599499255125187      -0.0165756148918123       0.0478593775869116      -0.0125016642751521        0.030823424845457      -0.0274578389937423       0.0201588197510283       0.0340048871888949      -0.0194261661895729      -0.0407849087339829        0.013042853565531     -0.00887343746712443      0.00625636262667746       0.0446111976959798      0.00162879923783423      -0.0108972115548227       0.0269328726111216       0.0253149811243828      -0.0395312365918624      -0.0373241729007428      -0.0258031221733513      -0.0586920654711326     -0.00645477835607026     -0.00870318251218451       0.0400232500120785       0.0441955164867135       0.0019413441686134      -0.0758995999409599     -0.00124872585902755      -0.0194383353510944        0.037449258980965      -0.0197865885244042      0.00502238246069399       0.0065709543308889      -0.0390971087989288      -0.0127266289871456      -0.0374488340620315     -0.00965980666835273      -0.0172081964856459      0.00448795765430196      -0.0249735562822648       0.0277792379197836       0.0223243936345529       0.0685815325010367      -0.0283989827589719      0.00608251148944196       0.0528052650425501       0.0084484068131215      0.00943692097272963       0.0178201619985504      -0.0126047891155711       0.0627997699037175        0.026173971339172      -0.0285249838943967     -0.00281622951773115      -0.0487283854487485      -0.0385385463248571       0.0165648101982507       0.0125714161179971      0.00656619698897298       0.0134510345031001      -0.0178440020828739        0.062559747809448      0.00670478678665861    -0.000596911567836537      0.00224938420755956      0.00564287841542317       0.0126340652519404
      0.00955267030280517      0.00295639858846921      -0.0239452842697427        0.014939095920157       -0.034348929684969      -0.0095198388170904       -0.043573312697319        0.022642804420328      -0.0139104400163556                        1       0.0049075239550514     -0.00192811475971239        0.022215162717653      -0.0362558761252962       -0.041726124795139       0.0369465632842414       0.0045743317836128      -0.0333823040797395       0.0113799761422015      -0.0320517385514676     -0.00951615282243627      0.00106926761353059       0.0654703336743537      -0.0667308349831223      -0.0545131943286779      -0.0486356511693404       0.0215061215000408     -0.00211755951736249       0.0424048077788896       0.0343570917614942      -0.0521505171029973      -0.0115905040161748      -0.0164258391742404       0.0160780646725077      -0.0011562201629827      -0.0182085948337645        0.052997121290216      -0.0683028773473918       0.0378857142236335      -0.0768440104939533       0.0441185540995582      0.00509587958789539      -0.0449711528092894    -0.000691824555900651       0.0524323619103988      -0.0420905038641066      -0.0361158440512965       0.0214431124843187      -0.0701547315937711       0.0377914610732147      0.00746340387508839       0.0237222464733343      -0.0578376323540598      -0.0460181367833494         0.03512335205143      0.00609047563977564      -0.0205887145374558      -0.0286441943979986      -0.0215152543844299     -0.00889839861830778       0.0388919061383918      -0.0708122992994262      -0.0203323581834594     -0.00723565516376066      -0.0107715354173335       0.0190428725015232     -0.00916206641222166        -0.01323230279872       0.0755395802717644      -0.0454560271353457     -0.00845834460978292       0.0099201612888987       0.0694712105559207       0.0426682676391742      -0.0148544159725745       0.0566606037769685       0.0313583889320426     -0.00830092804148977     -0.00184394985596741      -0.0151483221448847       0.0215390833130756      -0.0242626378859843       0.0385163983861893      -0.0168992761413209     -0.00679062267750287      0.00134011255314876         0.02664877191178       -0.053893565341607      -0.0268143172787731      -0.0146930778288383      -0.0315563011039157       0.0640846798168281       0.0267809153782403      -0.0210075521470328       0.0335120665248741      -0.0038467125232391     -0.00913073855744898       0.0317474839909987      -0.0127047739548644       0.0127095504613719      -0.0333227982336902        0.011377576966014      -0.0138559512121903      -0.0255650123026734       0.0148394468117305      0.00697941495121578        0.063502427136602       0.0118320534792649       0.0119207525331856
      -0.0111606577723379     -0.00753537604420829      0.00555174960641228       0.0125935159045987       0.0283981929849094     -0.00935322981468481       0.0180556160240089      -0.0509085313796362       0.0148925981790451       0.0049075239550514                        1       -0.047292949573702     -0.00612003637465692     -0.00993953934307518      -0.0450569813340121      0.00194415892081335      -0.0355906456509392      -0.0464963767595896       -0.024743630415868      0.00391877701391702       0.0138334554777143       0.0244536494828651       0.0275884875400199     -0.00286063784641677    -0.000119304937117247       0.0111271342331688      -0.0454676087326256       0.0626166624921929       0.0491277823972926      -0.0547587498011201       0.0215881391711376       0.0374729204199297      -0.0861095571009903      -0.0896676497636037      0.00271814886809488      -0.0390136417227499     -0.00707279960767503      -0.0693445392313131      0.00573760926505992      -0.0226224937852294      0.00315299838641306    -0.000496975654438464       0.0530520870296476       0.0404338693672937      0.00890006305665577       0.0513481947904588     -0.00173363262849961       0.0290042820010348        0.012876798766964       0.0725498533991835      0.00485638597888035       0.0337208183957011       0.0220149229357807        0.023982110368917     0.000199915963149601     -0.00922205027753237      -0.0169813004878771      -0.0484099056901139      -0.0296156857357488       0.0481480472142065      -0.0285716138916305     -0.00958864446183681      0.00962940139743849      -0.0386477660243222      0.00550190079073143       0.0012971659668374       0.0107700755681626      -0.0671984715310524      -0.0405494723315455      -0.0336104266613533      -0.0084514474335305      -0.0028128122904474     -0.00266495690311146      -0.0842863180358972      -0.0533044766542851       0.0273008658965053       0.0316773579748469      -0.0205793406834782      -0.0658601566603714       0.0161697329420567      0.00527977496359645       0.0472937035528462      -0.0261074732566893       0.0157128166051683      -0.0601336600345651       0.0193550818937278       0.0374245029174981     -0.00642822293123477       0.0315378624390294     -0.00792780553789462       -0.086205547325651      -0.0124364044415714       0.0841998251923007     -0.00395934859848905     -0.00498848259002182      -0.0260505891592789      -0.0368118725903765        0.103458656649402       0.0591555969032717       0.0145412893968279      0.00497556262673707      0.00729701713854594       0.0402396183103869      0.00270463285534423      -0.0192372451713635         0.02276098722608      0.00644070954557771       0.0592905826603044       0.0631878886136116
       0.0245997625440173       0.0587461688999796       0.0199922946678382       0.0462673801535151       0.0170562373742208      0.00463709600247887      -0.0338786992478495       0.0315257584197818      -0.0178343215497257     -0.00192811475971239       -0.047292949573702                        1      -0.0357725873574503      -0.0108669108977605       0.0196236534759274      0.00908294835977315     -0.00171904136839885     0.000789152908534736      -0.0172365737510567      -0.0193431346527686      -0.0635321557148021       0.0275427949571172      0.00886842687327068      -0.0269454925008422      -0.0203348992731194       0.0208278530299103       0.0557309312086005      -0.0142793947821013    -0.000590060569109688       0.0230235534498278      -0.0264927066345125      -0.0318569772004635      -0.0399443931815044      -0.0109708327865055       0.0303386755788977      -0.0021033716798355      -0.0280475174679423      -0.0311158596735504      0.00967701612287698       0.0335522506463189      -0.0222482296671467       0.0308401844161292      -0.0121131329312113       -0.012173248934667      -0.0631857440815386       0.0115331463861429      -0.0642971626937449       0.0368570357278842      -0.0238913199410265       0.0374848213099375      -0.0170163579243643      -0.0584256263443671       0.0178949340479124       0.0238156840890687       0.0263638452413363       0.0383508542280991       0.0116464445634754      0.00889892605900688     0.000227430549265859      0.00301748777411718      -0.0486079762872581      -0.0333730471443938      -0.0211777029282837      -0.0169864644427439      -0.0170673311568293     -0.00433528152486221       -0.018732747052649      0.00362823412476695      -0.0529608572132836      -0.0222296309423305       0.0261802723900342       0.0192813050000199     -0.00459283871836152       0.0317050998233285       0.0141510545610869      -0.0269001384455413       0.0523843307033077      0.00269859360183409       0.0620564954528494        0.020308904616282      -0.0218309943197349     -0.00177445995210688      -0.0216672101623192      0.00926879148985824      -0.0124037279342886       0.0502792148582248     -0.00454517322464896       0.0195503853486825      -0.0344917945766363       0.0463421127199434      -0.0287503220808298     -0.00509732261060436      -0.0657235797960076       0.0204807568531422      -0.0255273725635704      0.00778592417380003     -0.00118580756397436       0.0329990851692488    -5.42561675014217e-05     -0.00658011225114271       0.0157333594044406      -0.0430292412099156       0.0496782892789654      -0.0164318706090886      -0.0188165748803827      -0.0091606237517663      -0.0147575629070121      -0.0109315110399516      -0.0299838888274289
      -0.0788167653344441        0.027194421539485       0.0316275124317976       0.0291822106839042      -0.0369054402502879     -0.00650709954652766      -0.0186754943846273       0.0246172088187871      -0.0382477198092828        0.022215162717653     -0.00612003637465692      -0.0357725873574503                        1      -0.0289410638291786       0.0256059491590244     -0.00760458136368544      -0.0192305998606727       0.0609888665909099       0.0215101411853766      -0.0199710591132043      -0.0496330589236694     -0.00102542493980981      -0.0128322338010765       0.0632297460960392       -0.028913205210643        0.027846665051467      0.00112420940349675       0.0102167978856232       0.0316891320191246       0.0421409899778233        0.036132389083941       0.0231629554460204       0.0185071091986734      -0.0144104479353711       0.0123825280602408      -0.0116951143300165     -0.00982180817196346       0.0328442094726367       0.0566708647649148      -0.0306101751540498       0.0329734189248259       0.0101951222959095      -0.0174685575752926       0.0472599714106879       0.0123387663297072      0.00333724645446465       0.0231945230257192     -0.00602693691629922       0.0245616674352023      0.00136255215365938       0.0333370052969568      -0.0163974804331947      -0.0268038292640576      -0.0286013296564499     -0.00506635232884353      0.00492416505461567      -0.0268573252140534      0.00293712149669754       0.0088653110523118     -0.00627746948525329      0.00428816688724993     -0.00497032752521035      0.00971832608619306     0.000222077595357351       -0.039109846828337      0.00437873708157578     -0.00406395944767668       0.0116844655294861     -0.00152073321549297      -0.0315111006436118       0.0177244992262041       0.0181769604116359       0.0149389027882502     -0.00501555788538503      -0.0405582104036068      -0.0317296718147553      -0.0621909299024577      -0.0022651202489108      -0.0606253206365839      -0.0371945785867761      -0.0260960448952794      -0.0145397635935787      -0.0247054339428929      -0.0177114356813403       0.0380959257235324      -0.0209059736715908      -0.0233035340500384      -0.0356863691167964      0.00108968699090195      -0.0546419049544197      -0.0115821294104127       0.0188570311664578      -0.0595395701251271       0.0161976888631123      -0.0680666787073305      -0.0401257916065771        0.044979792888304        0.011244133196417      -0.0214978726019756      -0.0200947881286601       0.0184473587355486      -0.0206693991438559        0.019166179851688       0.0328362124082189      -0.0129481183683094      -0.0430412733982296     -0.00659421153748961       -0.034750316360714       0.0208806490882421
       0.0513571009772126       0.0111116059750385      -0.0164413353689947      -0.0288942832797403       0.0394375850646023      -0.0184654575494485     -0.00815646500778155       0.0105375336887674      -0.0258346201398712      -0.0362558761252962     -0.00993953934307518      -0.0108669108977605      -0.0289410638291786                        1       0.0238566823891385      -0.0334116077382597      -0.0388538332408497      0.00457524471034502      -0.0212334149440291     0.000725061433762389       -0.053882777760097      0.00497912344399527      -0.0358546982289789      0.00756720157234585       0.0071546553975507     -0.00797936116878612       0.0182447439660522     -0.00285010214659006       0.0386360625347959       -0.013809124364141      0.00396104222094072       -0.058217514262911       0.0214735460209532      -0.0517402570564413       0.0583337034485779      -0.0327866356139813       0.0757953655519682     -0.00581668466945785      -0.0540476555279748       0.0214470374345512      0.00726504294387382     0.000309924328684567     -0.00196131723912847      -0.0507627546113393      -0.0436939592632944       0.0200637029454788       0.0323381380901002      0.00701772349551576       0.0246494599245019      0.00607146248342917       0.0367771061443624      -0.0231912603891034       0.0334326007034886      -0.0404500490813008     -0.00806935164460471       0.0312495334964618     -0.00173272500386567      -0.0162417653357872       -0.012534954968842       0.0136197062337971       0.0336652517298637      -0.0359499801525196       0.0128746272798717       0.0177226777183854      -0.0040264270333197     -0.00285672039746609        -0.03269287337907      -0.0137814339567538       0.0134494903094055      -0.0567573337318517       0.0203730069792404      -0.0482984607019463       0.0028867159543087      -0.0300859722418043      -0.0316622236526943     -0.00140016541122963      0.00398553935290749        0.018166914236078       0.0225319200712055      -0.0166740768746012       0.0359770485153479      0.00881912092392523      -0.0374489164692019     -0.00165604067524482       0.0688272919930296       0.0158285873839409      -0.0333385276794813      -0.0241185439729073      -0.0566138677106352      0.00532429658212447      -0.0374687368187325      -0.0233753169591967       0.0178652785050323     -0.00237000651290604       0.0157275358001303      -0.0250430936451508      0.00269410238338827      -0.0234480753653923     -0.00866331554977976       0.0352622608244223      -0.0255060531166655      -0.0150020819541117      -0.0138480068522879      -0.0609547035846545       0.0325529400580817      -0.0460543990189737     -0.00797250368952823       0.0305046674596962       0.0143973802080014
